   18
EU980374   0.000000 0.273443 0.273443 0.269432 0.285965 0.291198 0.280940
 0.285661 0.281864 0.295852 0.291926 0.295852 0.285965 0.292647 0.291198
 0.275610 0.299942 0.285965
EU980371   0.273443 0.000000 0.002882 0.005780 0.047895 0.051070 0.051048
 0.054074 0.051041 0.038344 0.035375 0.038344 0.050942 0.041518 0.054237
 0.050854 0.041336 0.047895
EU980370   0.273443 0.002882 0.000000 0.002882 0.044768 0.047923 0.047901
 0.050917 0.047895 0.035292 0.032333 0.035292 0.047803 0.038440 0.051070
 0.047721 0.038271 0.044768
EU980372   0.269432 0.005780 0.002882 0.000000 0.047895 0.051070 0.051048
 0.054074 0.051041 0.038344 0.035375 0.038344 0.050942 0.041518 0.054237
 0.050854 0.041336 0.047895
EU980380   0.285965 0.047895 0.044768 0.047895 0.000000 0.002904 0.002903
 0.011661 0.002902 0.041542 0.038554 0.041542 0.002897 0.044753 0.011695
 0.060446 0.044555 0.000000
EU980381   0.291198 0.051070 0.047923 0.051070 0.002904 0.000000 0.005825
 0.014627 0.005824 0.044666 0.041665 0.044666 0.005814 0.047906 0.008766
 0.063699 0.047693 0.002904
EU980368   0.280940 0.051048 0.047901 0.051048 0.002903 0.005825 0.000000
 0.014621 0.005822 0.044646 0.041647 0.044646 0.005811 0.047885 0.014663
 0.063669 0.047672 0.002903
EU980366   0.285661 0.054074 0.050917 0.054074 0.011661 0.014627 0.014621
 0.000000 0.008737 0.047640 0.044638 0.047640 0.014592 0.050895 0.023565
 0.066724 0.050669 0.011661
EU980365   0.281864 0.051041 0.047895 0.051041 0.002902 0.005824 0.005822
 0.008737 0.000000 0.044641 0.041642 0.044641 0.005811 0.047879 0.014661
 0.063661 0.047666 0.002902
EU980375   0.295852 0.038344 0.035292 0.038344 0.041542 0.044666 0.044646
 0.047640 0.044641 0.000000 0.002848 0.000000 0.044555 0.002854 0.053979
 0.056795 0.002842 0.041542
EU980377   0.291926 0.035375 0.032333 0.035375 0.038554 0.041665 0.041647
 0.044638 0.041642 0.002848 0.000000 0.002848 0.041562 0.005726 0.050952
 0.053777 0.005702 0.038554
EU980379   0.295852 0.038344 0.035292 0.038344 0.041542 0.044666 0.044646
 0.047640 0.044641 0.000000 0.002848 0.000000 0.044555 0.002854 0.053979
 0.056795 0.002842 0.041542
EU980367   0.285965 0.050942 0.047803 0.050942 0.002897 0.005814 0.005811
 0.014592 0.005811 0.044555 0.041562 0.044555 0.000000 0.047787 0.014634
 0.063536 0.047575 0.002897
EU980376   0.292647 0.041518 0.038440 0.041518 0.044753 0.047906 0.047885
 0.050895 0.047879 0.002854 0.005726 0.002854 0.047787 0.000000 0.057295
 0.060114 0.005713 0.044753
EU980369   0.291198 0.054237 0.051070 0.054237 0.011695 0.008766 0.014663
 0.023565 0.014661 0.053979 0.050952 0.053979 0.014634 0.057295 0.000000
 0.060601 0.057038 0.011695
EU980373   0.275610 0.050854 0.047721 0.050854 0.060446 0.063699 0.063669
 0.066724 0.063661 0.056795 0.053777 0.056795 0.063536 0.060114 0.060601
 0.000000 0.059846 0.060446
EU980378   0.299942 0.041336 0.038271 0.041336 0.044555 0.047693 0.047672
 0.050669 0.047666 0.002842 0.005702 0.002842 0.047575 0.005713 0.057038
 0.059846 0.000000 0.044555
EU980364   0.285965 0.047895 0.044768 0.047895 0.000000 0.002904 0.002903
 0.011661 0.002902 0.041542 0.038554 0.041542 0.002897 0.044753 0.011695
 0.060446 0.044555 0.000000
