   18
EU980374   0.000000 0.275610 0.291198 0.285661 0.291198 0.280940 0.285965
 0.281864 0.285965 0.285965 0.273443 0.269432 0.273443 0.292647 0.291926
 0.299942 0.295852 0.295852
EU980373   0.275610 0.000000 0.060601 0.066724 0.063699 0.063669 0.063536
 0.063661 0.060446 0.060446 0.050854 0.050854 0.047721 0.060114 0.053777
 0.059846 0.056795 0.056795
EU980369   0.291198 0.060601 0.000000 0.023565 0.008766 0.014663 0.014634
 0.014661 0.011695 0.011695 0.054237 0.054237 0.051070 0.057295 0.050952
 0.057038 0.053979 0.053979
EU980366   0.285661 0.066724 0.023565 0.000000 0.014627 0.014621 0.014592
 0.008737 0.011661 0.011661 0.054074 0.054074 0.050917 0.050895 0.044638
 0.050669 0.047640 0.047640
EU980381   0.291198 0.063699 0.008766 0.014627 0.000000 0.005825 0.005814
 0.005824 0.002904 0.002904 0.051070 0.051070 0.047923 0.047906 0.041665
 0.047693 0.044666 0.044666
EU980368   0.280940 0.063669 0.014663 0.014621 0.005825 0.000000 0.005811
 0.005822 0.002903 0.002903 0.051048 0.051048 0.047901 0.047885 0.041647
 0.047672 0.044646 0.044646
EU980367   0.285965 0.063536 0.014634 0.014592 0.005814 0.005811 0.000000
 0.005811 0.002897 0.002897 0.050942 0.050942 0.047803 0.047787 0.041562
 0.047575 0.044555 0.044555
EU980365   0.281864 0.063661 0.014661 0.008737 0.005824 0.005822 0.005811
 0.000000 0.002902 0.002902 0.051041 0.051041 0.047895 0.047879 0.041642
 0.047666 0.044641 0.044641
EU980380   0.285965 0.060446 0.011695 0.011661 0.002904 0.002903 0.002897
 0.002902 0.000000 0.000000 0.047895 0.047895 0.044768 0.044753 0.038554
 0.044555 0.041542 0.041542
EU980364   0.285965 0.060446 0.011695 0.011661 0.002904 0.002903 0.002897
 0.002902 0.000000 0.000000 0.047895 0.047895 0.044768 0.044753 0.038554
 0.044555 0.041542 0.041542
EU980371   0.273443 0.050854 0.054237 0.054074 0.051070 0.051048 0.050942
 0.051041 0.047895 0.047895 0.000000 0.005780 0.002882 0.041518 0.035375
 0.041336 0.038344 0.038344
EU980372   0.269432 0.050854 0.054237 0.054074 0.051070 0.051048 0.050942
 0.051041 0.047895 0.047895 0.005780 0.000000 0.002882 0.041518 0.035375
 0.041336 0.038344 0.038344
EU980370   0.273443 0.047721 0.051070 0.050917 0.047923 0.047901 0.047803
 0.047895 0.044768 0.044768 0.002882 0.002882 0.000000 0.038440 0.032333
 0.038271 0.035292 0.035292
EU980376   0.292647 0.060114 0.057295 0.050895 0.047906 0.047885 0.047787
 0.047879 0.044753 0.044753 0.041518 0.041518 0.038440 0.000000 0.005726
 0.005713 0.002854 0.002854
EU980377   0.291926 0.053777 0.050952 0.044638 0.041665 0.041647 0.041562
 0.041642 0.038554 0.038554 0.035375 0.035375 0.032333 0.005726 0.000000
 0.005702 0.002848 0.002848
EU980378   0.299942 0.059846 0.057038 0.050669 0.047693 0.047672 0.047575
 0.047666 0.044555 0.044555 0.041336 0.041336 0.038271 0.005713 0.005702
 0.000000 0.002842 0.002842
EU980379   0.295852 0.056795 0.053979 0.047640 0.044666 0.044646 0.044555
 0.044641 0.041542 0.041542 0.038344 0.038344 0.035292 0.002854 0.002848
 0.002842 0.000000 0.000000
EU980375   0.295852 0.056795 0.053979 0.047640 0.044666 0.044646 0.044555
 0.044641 0.041542 0.041542 0.038344 0.038344 0.035292 0.002854 0.002848
 0.002842 0.000000 0.000000
